VDriftFontV1
1
16 8
1024 512
32
32 0 0 0 0
33 -6 23 10 15
34 16 23 1 13
35 -4 24 1 23
36 -6 25 1 23
37 -6 25 1 23
38 -6 25 1 22
39 16 23 11 14
40 -6 25 10 22
41 -6 25 3 14
42 -4 23 5 21
43 -4 23 3 22
44 -8 -1 10 14
45 8 11 3 22
46 -6 -1 11 15
47 -4 23 5 21
48 -6 25 1 23
49 -6 25 3 22
50 -6 25 1 23
51 -6 25 3 23
52 -4 24 1 23
53 -6 25 1 23
54 -6 25 1 23
55 -3 25 3 22
56 -6 25 1 23
57 -6 25 1 23
58 3 16 11 15
59 1 16 11 15
60 -3 22 13 20
61 5 14 3 22
62 -3 22 5 12
63 -4 25 3 23
64 -6 25 0 23
65 -4 22 1 23
66 -6 25 1 23
67 -6 25 1 22
68 -6 25 1 20
69 -6 25 1 22
70 -4 25 1 22
71 -6 25 1 23
72 -4 24 1 23
73 -6 25 3 22
74 -6 25 1 23
75 -4 23 1 20
76 -6 23 1 22
77 -4 24 1 23
78 -4 24 1 23
79 -6 25 1 23
80 -4 25 1 23
81 -6 25 1 23
82 -4 25 1 23
83 -6 25 1 23
84 -4 25 3 22
85 -6 24 1 23
86 -3 24 1 23
87 -4 24 1 23
88 -4 23 5 21
89 -4 22 5 21
90 -6 25 3 22
91 -6 25 10 22
92 -4 23 5 21
93 -6 25 3 14
94 11 22 5 21
95 -6 -3 3 22
96 11 23 5 12
97 -4 22 1 23
98 -6 25 1 23
99 -6 25 1 22
100 -6 25 1 20
101 -6 25 1 22
102 -4 25 1 22
103 -6 25 1 23
104 -4 24 1 23
105 -6 25 3 22
106 -6 25 1 23
107 -4 23 1 20
108 -6 23 1 22
109 -4 24 1 23
110 -4 24 1 23
111 -6 25 1 23
112 -4 25 1 23
113 -6 25 1 23
114 -4 25 1 23
115 -6 25 1 23
116 -4 25 3 22
117 -6 24 1 23
118 -3 24 1 23
119 -4 24 1 23
120 -4 23 5 21
121 -4 22 5 21
122 -6 25 3 22
123 -6 25 3 22
124 -4 23 11 14
125 -6 25 3 22
126 0 26 2 15
127 0 26 2 15
128 0 26 2 15
129 0 26 2 15
130 0 26 2 15
131 0 26 2 15
132 0 26 2 15
133 0 26 2 15
134 0 26 2 15
135 0 26 2 15
136 0 26 2 15
137 0 26 2 15
138 0 26 2 15
139 0 26 2 15
140 0 26 2 15
141 0 26 2 15
142 0 26 2 15
143 0 26 2 15
144 0 26 2 15
145 0 26 2 15
146 0 26 2 15
147 0 26 2 15
148 0 26 2 15
149 0 26 2 15
150 0 26 2 15
151 0 26 2 15
152 0 26 2 15
153 0 26 2 15
154 0 26 2 15
155 0 26 2 15
156 0 26 2 15
157 0 26 2 15
158 0 26 2 15
159 0 26 2 15
160 0 0 0 0
161 -6 23 10 15
162 16 23 1 13
163 -4 24 1 23
164 -6 25 1 23
165 -6 25 1 23
166 -6 25 1 22
167 16 23 11 14
168 -6 25 10 22
169 -6 25 3 14
170 -4 23 5 21
171 -4 23 3 22
172 -8 -1 10 14
173 8 11 3 22
174 -6 -1 11 15
175 -4 23 5 21
176 -6 25 1 23
177 -6 25 3 22
178 -6 25 1 23
179 -6 25 3 23
180 -4 24 1 23
181 -6 25 1 23
182 -6 25 1 23
183 -3 25 3 22
184 -6 25 1 23
185 -6 25 1 23
186 3 16 11 15
187 1 16 11 15
188 -3 22 13 20
189 5 14 3 22
190 -3 22 5 12
191 -4 25 3 23
192 -6 25 0 23
193 -4 22 1 23
194 -6 25 1 23
195 -6 25 1 22
196 -6 25 1 20
197 -6 25 1 22
198 -4 25 1 22
199 -6 25 1 23
200 -4 24 1 23
201 -6 25 3 22
202 -6 25 1 23
203 -4 23 1 20
204 -6 23 1 22
205 -4 24 1 23
206 -4 24 1 23
207 -6 25 1 23
208 -4 25 1 23
209 -6 25 1 23
210 -4 25 1 23
211 -6 25 1 23
212 -4 25 3 22
213 -6 24 1 23
214 -3 24 1 23
215 -4 24 1 23
216 -4 23 5 21
217 -4 22 5 21
218 -6 25 3 22
219 -6 25 10 22
220 -4 23 5 21
221 -6 25 3 14
222 11 22 5 21
223 -6 -3 3 22
224 11 23 5 12
225 -4 22 1 23
226 -6 25 1 23
227 -6 25 1 22
228 -6 25 1 20
229 -6 25 1 22
230 -4 25 1 22
231 -6 25 1 23
232 -4 24 1 23
233 -6 25 3 22
234 -6 25 1 23
235 -4 23 1 20
236 -6 23 1 22
237 -4 24 1 23
238 -4 24 1 23
239 -6 25 1 23
240 -4 25 1 23
241 -6 25 1 23
242 -4 25 1 23
243 -6 25 1 23
244 -4 25 3 22
245 -6 24 1 23
246 -3 24 1 23
247 -4 24 1 23
248 -4 23 5 21
249 -4 22 5 21
250 -6 25 3 22
251 -6 25 3 22
252 -4 23 11 14
253 -6 25 3 22
254 0 26 2 15
255 0 26 2 15
256 0 26 2 15
257 0 26 2 15
258 0 26 2 15
259 0 26 2 15
260 0 26 2 15
261 0 26 2 15
262 0 26 2 15
263 0 26 2 15
264 0 26 2 15
265 0 26 2 15
266 0 26 2 15
267 0 26 2 15
268 0 26 2 15
269 0 26 2 15
270 0 26 2 15
271 0 26 2 15
272 0 26 2 15
273 0 26 2 15
274 0 26 2 15
275 0 26 2 15
276 0 26 2 15
277 0 26 2 15
278 0 26 2 15
279 0 26 2 15
280 0 26 2 15
281 0 26 2 15
282 0 26 2 15
283 0 26 2 15
284 0 26 2 15
285 0 26 2 15
286 0 26 2 15
287 0 26 2 15
