5
MCS 0 0 0.8 162.221466 135.885056 -9.357138 -0.002227 0.001071 -0.643185 0.765707
MCS 0 0 0.5 168.586609 137.124969 -9.353588 -0.005719 -0.002557 -0.640722 0.767747
XGS 0 0 0.7 177.774918 139.059952 -9.359947 -0.003354 0.001975 -0.630607 0.776093
XGS 0 0 0.9 184.273804 140.637894 -9.362185 -0.003379 0.001850 -0.606586 0.795008
XGS 0 0 0.4 191.462967 142.109879 -9.364717 -0.003338 0.002018 -0.644040 0.764982

XGS 0 0 0.5 -337.342926 140.873138 -4.871754 -0.002594 -0.002840 0.763915 0.645305
MCS 0 0 0.1 -227.233871 -729.690735 -4.870844 0.002200 -0.003467 0.997836 -0.065632
XGS 0 0 0.0 -225.615433 -740.934692 -4.871169 0.000903 -0.003484 0.999809 -0.019229
XGS 0 0 0.1 -223.973572 -753.892700 -4.871689 0.000821 -0.003596 0.998173 -0.060311
MCS 0 0 0.1 -222.108795 -768.605469 -4.871014 0.001601 -0.003343 0.997892 -0.064786